1677024
1677024
1676936
1676936
1676936
1677024
1677024
1676936
2358608
1676936
1676936
1676936
1676936
1676936
1677024
1677024
1677024
1677024
1676936
1677024
1676936
1677024
1676936
1676936
1676936
1676936
1677024
1676936
1676936
1676936
1677024
1677024
2358696
1677024
1676936
1676936
1676936
1676936
1676936
1677024
1676936
1677024
1676936
1677024
1676936
2358608
2358608
1677024
1677024
1677024
1676936
1676936
1676936
1676936
2358608
1676936
1676936
1676936
1676936
1677024
12725984
12725920
6863344
6863432
2902008
458664
458664
461384
12726008
12726104
13056832
12726008
13056832
12726104
12726104
2902192
3583960
2902288
346872
12726104
12726104
2902376
13056840
12726104
2902288
2902288
1677232
1065648
1421080
